{"app":"com.DefaultCompany.Tutorial-Series-ARDK3-Meshing-AliveStudios","autofocus":1,"captureGroup":{"sequence":0,"uuid":"018adc75-a40c-7021-80ce-211d0000ffff"},"coordinates":"opengl","depthSource":"none","duration":53.666,"formatVersion":"1","frameCount":620,"framerate":11.534304773972348,"frames":[{"exposure":0.0,"image":"frame_00000000.jpg","intrinsics":[549.4160766601563,549.4160766601563,360.48565673828125,259.1792297363281,0.0],"location":{"altitude":110.71458435058594,"altitudeAccuracy":16.002431869506836,"heading":161.59393310546875,"headingAccuracy":17.899948120117188,"headingTimestamp":1695915808000.0,"latitude":51.44676971435547,"longitude":7.0352373123168945,"positionAccuracy":17.899948120117188,"positionSource":"corelocation","positionTimestamp":1695915808000.0},"pose":[-0.027753397822380066,0.00018465891480445862,-0.02024209126830101,-0.2928847670555115,-0.0773189514875412,-0.014923722483217716,0.9528995752334595],"pose4x4":[0.9875981211662292,0.016849467530846596,0.15609624981880188,0.0,0.07373270392417908,0.8279916048049927,-0.5558717846870422,0.0,-0.1386125385761261,0.5604873299598694,0.8164805769920349,0.0,-0.027753397822380066,0.00018465891480445862,-0.02024209126830101,1.0],"resolution":[720,540],"sequence":0,"timestamp":1695915811.0,"tracking":2,"trackingReason":0},{"exposure":0.0,"image":"frame_00000001.jpg","intrinsics":[548.5375366210938,548.5375366210938,360.39166259765625,259.239501953125,0.0],"location":{"altitude":110.71458435058594,"altitudeAccuracy":16.002431869506836,"heading":161.59393310546875,"headingAccuracy":17.899948120117188,"headingTimestamp":1695915808000.0,"latitude":51.44676971435547,"longitude":7.0352373123168945,"positionAccuracy":17.899948120117188,"positionSource":"corelocation","positionTimestamp":1695915808000.0},"pose":[-0.027593141421675682,-0.0002636394347064197,-0.020787546411156654,-0.29489392042160034,-0.07736281305551529,-0.01573164388537407,0.9522631168365479],"pose4x4":[0.9875349998474121,0.01566631719470024,0.15661783516407013,0.0,0.07558897137641907,0.8255801796913147,-0.5591991543769836,0.0,-0.13806118071079254,0.5640673041343689,0.8141051530838013,0.0,-0.027593141421675682,-0.0002636394347064197,-0.020787546411156654,1.0],"resolution":[720,540],"sequence":1,"timestamp":1695915811.083,"tracking":2,"trackingReason":0},{"exposure":0.0,"image":"frame_00000002.jpg","intrinsics":[548.976806640625,548.976806640625,360.44677734375,259.1749267578125,0.0],"location":{"altitude":110.71458435058594,"altitudeAccuracy":16.002431869506836,"heading":161.59393310546875,"headingAccuracy":17.899948120117188,"headingTimestamp":1695915808000.0,"latitude":51.44676971435547,"longitude":7.0352373123168945,"positionAccuracy":17.899948120117188,"positionSource":"corelocation","positionTimestamp":1695915808000.0},"pose":[-0.02742944471538067,0.0004512381856329739,-0.02073732390999794,-0.29450252652168274,-0.0752481147646904,-0.016745710745453835,0.952536404132843],"pose4x4":[0.988114595413208,0.012419719249010086,0.1532164365053177,0.0,0.07622331380844116,0.8259756565093994,-0.5585286021232605,0.0,-0.13348983228206635,0.5635688900947571,0.8152119517326355,0.0,-0.02742944471538067,0.0004512381856329739,-0.02073732390999794,1.0],"resolution":[720,540],"sequence":2,"timestamp":1695915811.183,"tracking":2,"trackingReason":0},{"exposure":0.0,"image":"frame_00000003.jpg","intrinsics":[549.1964111328125,549.1964111328125,360.4375915527344,259.1749267578125,0.0],"location":{"altitude":110.71458435058594,"altitudeAccuracy":16.002431869506836,"heading":161.59393310546875,"headingAccuracy":17.899948120117188,"headingTimestamp":1695915808000.0,"latitude":51.44676971435547,"longitude":7.0352373123168945,"positionAccuracy":17.899948120117188,"positionSource":"corelocation","positionTimestamp":1695915808000.0},"pose":[-0.027582256123423576,0.0007993069593794644,-0.021243389695882797,-0.2946302592754364,-0.07501177489757538,-0.01640053279697895,0.9525215029716492],"pose4x4":[0.988208532333374,0.012957757338881493,0.1525648534297943,0.0,0.07544519752264023,0.8258480429649353,-0.5588228106498718,0.0,-0.13323646783828735,0.5637437701225281,0.8151324987411499,0.0,-0.027582256123423576,0.0007993069593794644,-0.021243389695882797,1.0],"resolution":[720,540],"sequence":3,"timestamp":1695915811.283,"tracking":2,"trackingReason":0},{"exposure":0.0,"image":"frame_00000004.jpg","intrinsics":[549.1964111328125,549.1964111328125,360.4168701171875,259.2220764160156,0.0],"location":{"altitude":110.71458435058594,"altitudeAccuracy":16.002431869506836,"heading":161.59393310546875,"headingAccuracy":17.899948120117188,"headingTimestamp":1695915808000.0,"latitude":51.44676971435547,"longitude":7.0352373123168945,"positionAccuracy":17.899948120117188,"positionSource":"corelocation","positionTimestamp":1695915808000.0},"pose":[-0.027904070913791656,0.000303829088807106,-0.02202427387237549,-0.2952550947666168,-0.07571647316217422,-0.016054606065154076,0.9522781372070313],"pose4x4":[0.9880185127258301,0.014134446159005165,0.15368668735027313,0.0,0.07528825104236603,0.8251333236694336,-0.5598987340927124,0.0,-0.134725883603096,0.5647611618041992,0.8141828775405884,0.0,-0.027904070913791656,0.000303829088807106,-0.02202427387237549,1.0],"resolution":[720,540],"sequence":4,"timestamp":1695915811.383,"tracking":2,"trackingReason":0},{"exposure":0.0,"image":"frame_00000005.jpg","intrinsics":[548.976806640625,548.976806640625,360.4212646484375,259.2177734375,0.0],"location":{"altitude":110.71458435058594,"altitudeAccuracy":16.002431869506836,"heading":161.59393310546875,"headingAccuracy":17.899948120117188,"headingTimestamp":1695915808000.0,"latitude":51.44676971435547,"longitude":7.0352373123168945,"positionAccuracy":17.899948120117188,"positionSource":"corelocation","positionTimestamp":1695915808000.0},"pose":[-0.02798905037343502,-0.00014883159019518644,-0.02345377206802368,-0.2960702180862427,-0.0759771391749382,-0.016284070909023285,0.9520003795623779],"pose4x4":[0.9879246354103088,0.013984251767396927,0.15430298447608948,0.0,0.07599401473999023,0.8241544961929321,-0.56124347448349,0.0,-0.13501808047294617,0.5661923289299011,0.813139796257019,0.0,-0.02798905037343502,-0.00014883159019518644,-0.02345377206802368,1.0],"resolution":[720,540],"sequence":5,"timestamp":1695915811.483,"tracking":2,"trackingReason":0},{"exposure":0.0,"image":"frame_00000006.jpg","intrinsics":[548.976806640625,548.976806640625,360.39923095703125,259.1878967285156,0.0],"location":{"altitude":110.71458435058594,"altitudeAccuracy":16.002431869506836,"heading":161.59393310546875,"headingAccuracy":17.899948120117188,"headingTimestamp":1695915808000.0,"latitude":51.44676971435547,"longitude":7.0352373123168945,"positionAccuracy":17.899948120117188,"positionSource":"corelocation","positionTimestamp":1695915808000.0},"pose":[-0.028055226430296898,-0.00046313059283420444,-0.02475719153881073,-0.2966447174549103,-0.07579897344112396,-0.0159162487834692,0.9518419504165649],"pose4x4":[0.988002359867096,0.014671221375465393,0.15374022722244263,0.0,0.07527023553848267,0.8234971761703491,-0.5623049139976501,0.0,-0.13485434651374817,0.5671306252479553,0.8125128746032715,0.0,-0.028055226430296898,-0.00046313059283420444,-0.02475719153881073,1.0],"resolution":[720,540],"sequence":6,"timestamp":1695915811.583,"tracking":2,"trackingReason":0},{"exposure":0.0,"image":"frame_00000007.jpg","intrinsics":[548.976806640625,548.976806640625,360.42962646484375,259.19207763671875,0.0],"location":{"altitude":110.71458435058594,"altitudeAccuracy":16.002431869506836,"heading":161.59393310546875,"headingAccuracy":17.899948120117188,"headingTimestamp":1695915808000.0,"latitude":51.44676971435547,"longitude":7.0352373123168945,"positionAccuracy":17.899948120117188,"positionSource":"corelocation","positionTimestamp":1695915808000.0},"pose":[-0.028107870370149612,-0.0006446739425882697,-0.02579346112906933,-0.2969948947429657,-0.0749841034412384,-0.016348937526345253,0.9517899751663208],"pose4x4":[0.98822021484375,0.013418281450867653,0.1524493396282196,0.0,0.075661301612854,0.8230534791946411,-0.5629016757011414,0.0,-0.13302713632583618,0.5678053498268127,0.8123428225517273,0.0,-0.028107870370149612,-0.0006446739425882697,-0.02579346112906933,1.0],"resolution":[720,540],"sequence":7,"timestamp":1695915811.683,"tracking":2,"trackingReason":0},{"exposure":0.0,"image":"frame_00000008.jpg","intrinsics":[548.7571411132813,548.7571411132813,360.4321594238281,259.1611633300781,0.0],"location":{"altitude":110.71458435058594,"altitudeAccuracy":16.002431869506836,"heading":161.59393310546875,"headingAccuracy":17.899948120117188,"headingTimestamp":1695915808000.0,"latitude":51.44676971435547,"longitude":7.0352373123168945,"positionAccuracy":17.899948120117188,"positionSource":"corelocation","positionTimestamp":1695915808000.0},"pose":[-0.028095856308937073,-0.0005665794014930725,-0.026641149073839188,-0.29701754450798035,-0.07467304915189743,-0.016195382922887802,0.9518099427223206],"pose4x4":[0.9883232712745667,0.013528557494282722,0.1517697274684906,0.0,0.07518826425075531,0.8230365514755249,-0.5629898309707642,0.0,-0.13252848386764526,0.5678272247314453,0.8124090433120728,0.0,-0.028095856308937073,-0.0005665794014930725,-0.026641149073839188,1.0],"resolution":[720,540],"sequence":8,"timestamp":1695915811.783,"tracking":2,"trackingReason":0},{"exposure":0.0,"image":"frame_00000009.jpg","intrinsics":[548.7571411132813,548.7571411132813,360.3963623046875,259.1895751953125,0.0],"location":{"altitude":110.71458435058594,"altitudeAccuracy":16.002431869506836,"heading":161.59393310546875,"headingAccuracy":17.899948120117188,"headingTimestamp":1695915808000.0,"latitude":51.44676971435547,"longitude":7.0352373123168945,"positionAccuracy":17.899948120117188,"positionSource":"corelocation","positionTimestamp":1695915808000.0},"pose":[-0.027789834886789322,0.0002736574097070843,-0.026178859174251556,-0.2956826686859131,-0.07400310784578323,-0.01672343909740448,0.952268660068512],"pose4x4":[0.988487720489502,0.011912461370229721,0.15083134174346924,0.0,0.07561329007148743,0.8245841860771179,-0.5606634616851807,0.0,-0.13105201721191406,0.565613865852356,0.8141906261444092,0.0,-0.027789834886789322,0.0002736574097070843,-0.026178859174251556,1.0],"resolution":[720,540],"sequence":9,"timestamp":1695915811.883,"tracking":2,"trackingReason":0},{"exposure":0.0,"image":"frame_00000010.jpg","intrinsics":[548.7571411132813,548.7571411132813,360.4034423828125,259.17535400390625,0.0],"location":{"altitude":110.71458435058594,"altitudeAccuracy":16.002431869506836,"heading":161.59393310546875,"headingAccuracy":17.899948120117188,"headingTimestamp":1695915808000.0,"latitude":51.44676971435547,"longitude":7.0352373123168945,"positionAccuracy":17.899948120117188,"positionSource":"corelocation","positionTimestamp":1695915808000.0},"pose":[-0.02710719220340252,0.001981043489649892,-0.021977774798870087,-0.2935526371002197,-0.07390391081571579,-0.01699756272137165,0.9529302716255188],"pose4x4":[0.9884985685348511,0.01099439337849617,0.15082989633083344,0.0,0.0757843554019928,0.8270758390426636,-0.556958019733429,0.0,-0.13087119162082672,0.5619828104972839,0.8167301416397095,0.0,-0.02710719220340252,0.001981043489649892,-0.021977774798870087,1.0],"resolution":[720,540],"sequence":10,"timestamp":1695915811.983,"tracking":2,"trackingReason":0},{"exposure":0.0,"image":"frame_00000011.jpg","intrinsics":[548.7571411132813,548.7571411132813,360.38201904296875,259.1965637207031,0.0],"location":{"altitude":110.71458435058594,"altitudeAccuracy":16.002431869506836,"heading":161.59393310546875,"headingAccuracy":17.899948120117188,"headingTimestamp":1695915808000.0,"latitude":51.44676971435547,"longitude":7.0352373123168945,"positionAccuracy":17.899948120117188,"positionSource":"corelocation","positionTimestamp":1695915808000.0},"pose":[-0.026585718616843224,0.0029882316011935472,-0.02024533972144127,-0.2910226285457611,-0.07354119420051575,-0.01745334453880787,0.9537257552146912],"pose4x4":[0.9885741472244263,0.009512897580862045,0.15043491125106812,0.0,0.07609571516513824,0.8300024271011353,-0.5525444746017456,0.0,-0.13011762499809265,0.5576785802841187,0.8197950124740601,0.0,-0.026585718616843224,0.0029882316011935472,-0.02024533972144127,1.0],"resolution":[720,540],"sequence":11,"timestamp":1695915812.066,"tracking":2,"trackingReason":0},{"exposure":0.0,"image":"frame_00000012.jpg","intrinsics":[548.7571411132813,548.7571411132813,360.35955810546875,259.132080078125,0.0],"location":{"altitude":110.71458435058594,"altitudeAccuracy":16.002431869506836,"heading":161.59393310546875,"headingAccuracy":17.899948120117188,"headingTimestamp":1695915808000.0,"latitude":51.44676971435547,"longitude":7.0352373123168945,"positionAccuracy":17.899948120117188,"positionSource":"corelocation","positionTimestamp":1695915808000.0},"pose":[-0.025576075538992882,0.004054381977766752,-0.018580282106995583,-0.2877260446548462,-0.0731043592095375,-0.017278114333748817,0.9547622203826904],"pose4x4":[0.9887144565582275,0.009075075387954712,0.14953728020191193,0.0,0.07506103813648224,0.8338303565979004,-0.5468937158584595,0.0,-0.12965182960033417,0.5519461631774902,0.8237389326095581,0.0,-0.025576075538992882,0.004054381977766752,-0.018580282106995583,1.0],"resolution":[720,540],"sequence":12,"timestamp":1695915812.15,"tracking":2,"trackingReason":0},{"exposure":0.0,"image":"frame_00000013.jpg","intrinsics":[548.5375366210938,548.5375366210938,360.3923645019531,259.1575927734375,0.0],"location":{"altitude":110.71458435058594,"altitudeAccuracy":16.002431869506836,"heading":161.59393310546875,"headingAccuracy":17.899948120117188,"headingTimestamp":1695915808000.0,"latitude":51.44676971435547,"longitude":7.0352373123168945,"positionAccuracy":17.899948120117188,"positionSource":"corelocation","positionTimestamp":1695915808000.0},"pose":[-0.024966198951005936,0.004909185227006674,-0.017726324498653412,-0.2855018377304077,-0.07324879616498947,-0.017270170152187347,0.9554188251495361],"pose4x4":[0.9886727333068848,0.008824840188026428,0.14982789754867554,0.0,0.07482582330703735,0.8363808989524841,-0.5430176258087158,0.0,-0.13010522723197937,0.5480777025222778,0.8262466192245483,0.0,-0.024966198951005936,0.004909185227006674,-0.017726324498653412,1.0],"resolution":[720,540],"sequence":13,"timestamp":1695915812.233,"tracking":2,"trackingReason":0},{"exposure":0.0,"image":"frame_00000014.jpg","intrinsics":[548.7571411132813,548.7571411132813,360.40728759765625,259.13665771484375,0.0],"location":{"altitude":110.71458435058594,"altitudeAccuracy":16.002431869506836,"heading":161.59393310546875,"headingAccuracy":17.899948120117188,"headingTimestamp":1695915808000.0,"latitude":51.44676971435547,"longitude":7.0352373123168945,"positionAccuracy":17.899948120117188,"positionSource":"corelocation","positionTimestamp":1695915808000.0},"pose":[-0.025275420397520065,0.006810673978179693,-0.017206599935889244,-0.2826249599456787,-0.07324329763650894,-0.017160076647996902,0.9562761783599854],"pose4x4":[0.9886819124221802,0.008581221103668213,0.14978137612342834,0.0,0.07422031462192535,0.8396573066711426,-0.5380213260650635,0.0,-0.13038191199302673,0.5430487394332886,0.829517126083374,0.0,-0.025275420397520065,0.006810673978179693,-0.017206599935889244,1.0],"resolution":[720,540],"sequence":14,"timestamp":1695915812.316,"tracking":2,"trackingReason":0},{"exposure":0.0,"image":"frame_00000015.jpg","intrinsics":[548.976806640625,548.976806640625,360.3477783203125,259.07879638671875,0.0],"location":{"altitude":110.71458435058594,"altitudeAccuracy":16.002431869506836,"heading":161.59393310546875,"headingAccuracy":17.899948120117188,"headingTimestamp":1695915808000.0,"latitude":51.44676971435547,"longitude":7.0352373123168945,"positionAccuracy":17.899948120117188,"positionSource":"corelocation","positionTimestamp":1695915808000.0},"pose":[-0.02436629682779312,0.00967569649219513,-0.015308685600757599,-0.27788814902305603,-0.07324066758155823,-0.017676444724202156,0.9576541781425476],"pose4x4":[0.9886466860771179,0.0068495869636535645,0.1501026153564453,0.0,0.07456126809120178,0.844931423664093,-0.5296522378921509,0.0,-0.13045430183410645,0.5348308086395264,0.8348279595375061,0.0,-0.02436629682779312,0.00967569649219513,-0.015308685600757599,1.0],"resolution":[720,540],"sequence":15,"timestamp":1695915812.416,"tracking":2,"trackingReason":0},{"exposure":0.0,"image":"frame_00000016.jpg","intrinsics":[548.7571411132813,548.7571411132813,360.3690490722656,259.0575256347656,0.0],"location":{"altitude":110.71458435058594,"altitudeAccuracy":16.002431869506836,"heading":161.59393310546875,"headingAccuracy":17.899948120117188,"headingTimestamp":1695915808000.0,"latitude":51.44676971435547,"longitude":7.0352373123168945,"positionAccuracy":17.899948120117188,"positionSource":"corelocation","positionTimestamp":1695915808000.0},"pose":[-0.023025453090667725,0.013404468074440956,-0.013848250731825829,-0.273516982793808,-0.07380086183547974,-0.01943046599626541,0.9588348865509033],"pose4x4":[0.9883517622947693,0.0031103603541851044,0.152154803276062,0.0,0.07763279974460602,0.8496218323707581,-0.5216472744941711,0.0,-0.13089656829833984,0.5273832678794861,0.8394837975502014,0.0,-0.023025453090667725,0.013404468074440956,-0.013848250731825829,1.0],"resolution":[720,540],"sequence":16,"timestamp":1695915812.516,"tracking":2,"trackingReason":0},{"exposure":0.0,"image":"frame_00000017.jpg","intrinsics":[548.976806640625,548.976806640625,360.375244140625,259.029541015625,0.0],"location":{"altitude":110.71458435058594,"altitudeAccuracy":16.002431869506836,"heading":161.59393310546875,"headingAccuracy":17.899948120117188,"headingTimestamp":1695915808000.0,"latitude":51.44676971435547,"longitude":7.0352373123168945,"positionAccuracy":17.899948120117188,"positionSource":"corelocation","positionTimestamp":1695915808000.0},"pose":[-0.02198268286883831,0.01591286063194275,-0.012755487114191055,-0.2696208357810974,-0.07555214315652847,-0.019645050168037415,0.9597971439361572],"pose4x4":[0.9878118634223938,0.003030337393283844,0.15562288463115692,0.0,0.07845138758420944,0.8538373708724976,-0.5145941972732544,0.0,-0.13443602621555328,0.5205310583114624,0.8431929349899292,0.0,-0.02198268286883831,0.01591286063194275,-0.012755487114191055,1.0],"resolution":[720,540],"sequence":17,"timestamp":1695915812.6,"tracking":2,"trackingReason":0},{"exposure":0.0,"image":"frame_00000018.jpg","intrinsics":[548.976806640625,548.976806640625,360.3570861816406,258.961181640625,0.0],"location":{"altitude":110.71458435058594,"altitudeAccuracy":16.002431869506836,"heading":161.59393310546875,"headingAccuracy":17.899948120117188,"headingTimestamp":1695915808000.0,"latitude":51.44676971435547,"longitude":7.0352373123168945,"positionAccuracy":17.899948120117188,"positionSource":"corelocation","positionTimestamp":1695915808000.0},"pose":[-0.019897161051630974,0.018865548074245453,-0.011376405134797096,-0.2661442756652832,-0.0778016746044159,-0.019412066787481308,0.9605921506881714],"pose4x4":[0.9871401190757751,0.004118785262107849,0.15980418026447296,0.0,0.07870709896087646,0.8575807809829712,-0.5082916021347046,0.0,-0.13913853466510773,0.5143327713012695,0.8462282419204712,0.0,-0.019897161051630974,0.018865548074245453,-0.011376405134797096,1.0],"resolution":[720,540],"sequence":18,"timestamp":1695915812.7,"tracking":2,"trackingReason":0},{"exposure":0.0,"image":"frame_00000019.jpg","intrinsics":[548.976806640625,548.976806640625,360.3307800292969,258.93548583984375,0.0],"location":{"altitude":110.71458435058594,"altitudeAccuracy":16.002431869506836,"heading":161.59393310546875,"headingAccuracy":17.899948120117188,"headingTimestamp":1695915808000.0,"latitude":51.44676971435547,"longitude":7.0352373123168945,"positionAccuracy":17.899948120117188,"positionSource":"corelocation","positionTimestamp":1695915808000.0},"pose":[-0.017420925199985504,0.02144521288573742,-0.010241363197565079,-0.2629881501197815,-0.08085805922746658,-0.019660424441099167,0.9612037539482117],"pose4x4":[0.986150860786438,0.00473407655954361,0.16578304767608643,0.0,0.08032476902008057,0.860901415348053,-0.50239098072052,0.0,-0.14510121941566467,0.5087498426437378,0.8485984206199646,0.0,-0.017420925199985504,0.02144521288573742,-0.010241363197565079,1.0],"resolution":[720,540],"sequence":19,"timestamp":1695915812.8,"tracking":2,"trackingReason":0},{"exposure":0.0,"image":"frame_00000020.jpg","intrinsics":[548.976806640625,548.976806640625,360.34771728515625,258.9097900390625,0.0],"location":{"altitude":110.71458435058594,"altitudeAccuracy":16.002431869506836,"heading":161.59393310546875,"headingAccuracy":17.899948120117188,"headingTimestamp":1695915808000.0,"latitude":51.44676971435547,"longitude":7.0352373123168945,"positionAccuracy":17.899948120117188,"positionSource":"corelocation","positionTimestamp":1695915808000.0},"pose":[-0.014701083302497864,0.023732976987957954,-0.009006645530462265,-0.2596883475780487,-0.08412236720323563,-0.019995225593447685,0.9618136882781982],"pose4x4":[0.9850472211837769,0.005227833986282349,0.1722051352262497,0.0,0.08215455710887909,0.8643243312835693,-0.4961795210838318,0.0,-0.1514350324869156,0.5029076933860779,0.8509707450866699,0.0,-0.014701083302497864,0.023732976987957954,-0.009006645530462265,1.0],"resolution":[720,540],"sequence":20,"timestamp":1695915812.9,"tracking":2,"trackingReason":0},{"exposure":0.0,"image":"frame_00000021.jpg","intrinsics":[548.976806640625,548.976806640625,360.3778076171875,258.88836669921875,0.0],"location":{"altitude":110.71458435058594,"altitudeAccuracy":16.002431869506836,"heading":161.59393310546875,"headingAccuracy":17.899948120117188,"headingTimestamp":1695915808000.0,"latitude":51.44676971435547,"longitude":7.0352373123168945,"positionAccuracy":17.899948120117188,"positionSource":"corelocation","positionTimestamp":1695915808000.0},"pose":[-0.011120704934000969,0.026186026632785797,-0.008019166067242622,-0.25673893094062805,-0.08841347694396973,-0.020096367225050926,0.9622184634208679],"pose4x4":[0.9835583567619324,0.006724171340465546,0.1804652065038681,0.0,0.0840725526213646,0.8673624992370605,-0.4905243217945099,0.0,-0.1598271280527115,0.4976314604282379,0.8525363802909851,0.0,-0.011120704934000969,0.026186026632785797,-0.008019166067242622,1.0],"resolution":[720,540],"sequence":21,"timestamp":1695915813.0,"tracking":2,"trackingReason":0},{"exposure":0.0,"image":"frame_00000022.jpg","intrinsics":[549.1964111328125,549.1964111328125,360.35467529296875,258.79693603515625,0.0],"location":{"altitude":110.71458435058594,"altitudeAccuracy":16.002431869506836,"heading":161.59393310546875,"headingAccuracy":17.899948120117188,"headingTimestamp":1695915808000.0,"latitude":51.44676971435547,"longitude":7.0352373123168945,"positionAccuracy":17.899948120117188,"positionSource":"corelocation","positionTimestamp":1695915808000.0},"pose":[-0.0065557039342820644,0.027539465576410294,-0.007190011907368898,-0.2555125653743744,-0.09470030665397644,-0.02029748447239399,0.9619424343109131],"pose4x4":[0.9812397360801697,0.009344212710857391,0.19256500899791718,0.0,0.0874442607164383,0.8686026930809021,-0.4877324104309082,0.0,-0.17181997001171112,0.4954211115837097,0.8514903783798218,0.0,-0.0065557039342820644,0.027539465576410294,-0.007190011907368898,1.0],"resolution":[720,540],"sequence":22,"timestamp":1695915813.099,"tracking":2,"trackingReason":0},{"exposure":0.0,"image":"frame_00000023.jpg","intrinsics":[548.7571411132813,548.7571411132813,360.3680419921875,258.7940673828125,0.0],"location":{"altitude":110.71458435058594,"altitudeAccuracy":16.002431869506836,"heading":161.59393310546875,"headingAccuracy":17.899948120117188,"headingTimestamp":1695915808000.0,"latitude":51.44676971435547,"longitude":7.0352373123168945,"positionAccuracy":17.899948120117188,"positionSource":"corelocation","positionTimestamp":1695915808000.0},"pose":[-0.002246670424938202,0.02711682952940464,-0.007412171456962824,-0.25645938515663147,-0.10105545073747635,-0.021405261009931564,0.9610193371772766],"pose4x4":[0.9786592125892639,0.010691497474908829,0.20521163940429688,0.0,0.09297497570514679,0.8675407767295837,-0.48859864473342896,0.0,-0.18325331807136536,0.49725109338760376,0.8480327725410461,0.0,-0.002246670424938202,0.02711682952940464,-0.007412171456962824,1.0],"resolution":[720,540],"sequence":23,"timestamp":1695915813.183,"tracking":2,"trackingReason":0},{"exposure":0.0,"image":"frame_00000024.jpg","intrinsics":[548.7571411132813,548.7571411132813,360.3641357421875,258.8240966796875,0.0],"location":{"altitude":110.71458435058594,"altitudeAccuracy":16.002431869506836,"heading":161.59393310546875,"headingAccuracy":17.899948120117188,"headingTimestamp":1695915808000.0,"latitude":51.44676971435547,"longitude":7.0352373123168945,"positionAccuracy":17.899948120117188,"positionSource":"corelocation","positionTimestamp":1695915808000.0},"pose":[0.00210697203874588,0.025837337598204613,-0.007731794845312834,-0.25878870487213135,-0.10721135884523392,-0.02348976582288742,0.9596782326698303],"pose4x4":[0.9759079217910767,0.01040494441986084,0.21793457865715027,0.0,0.10057540982961655,0.8649532794952393,-0.49167102575302124,0.0,-0.193619042634964,0.5017445087432861,0.8430682420730591,0.0,0.00210697203874588,0.025837337598204613,-0.007731794845312834,1.0],"resolution":[720,540],"sequence":24,"timestamp":1695915813.266,"tracking":2,"trackingReason":0},{"exposure":0.0,"image":"frame_00000025.jpg","intrinsics":[549.1964111328125,549.1964111328125,360.33721923828125,258.8076477050781,0.0],"location":{"altitude":110.71458435058594,"altitudeAccuracy":16.002431869506836,"heading":161.59393310546875,"headingAccuracy":17.899948120117188,"headingTimestamp":1695915808000.0,"latitude":51.44676971435547,"longitude":7.0352373123168945,"positionAccuracy":17.899948120117188,"positionSource":"corelocation","positionTimestamp":1695915808000.0},"pose":[0.007803976535797119,0.024141179397702217,-0.0075797694735229015,-0.260612428188324,-0.11304482072591782,-0.025679998099803925,0.958458423614502],"pose4x4":[0.9731228351593018,0.009695347398519516,0.23008257150650024,0.0,0.10814818739891052,0.86284339427948,-0.4937663972377777,0.0,-0.2033124566078186,0.5053783655166626,0.8386040925979614,0.0,0.007803976535797119,0.024141179397702217,-0.0075797694735229015,1.0],"resolution":[720,540],"sequence":25,"timestamp":1695915813.349,"tracking":2,"trackingReason":0},{"exposure":0.0,"image":"frame_00000026.jpg","intrinsics":[548.976806640625,548.976806640625,360.32659912109375,258.82550048828125,0.0],"location":{"altitude":110.71458435058594,"altitudeAccuracy":16.002431869506836,"heading":161.59393310546875,"headingAccuracy":17.899948120117188,"headingTimestamp":1695915808000.0,"latitude":51.44676971435547,"longitude":7.0352373123168945,"positionAccuracy":17.899948120117188,"positionSource":"corelocation","positionTimestamp":1695915808000.0},"pose":[0.012661891058087349,0.021102752536535263,-0.008014511317014694,-0.26406753063201904,-0.11994720995426178,-0.028728486970067024,0.9565854072570801],"pose4x4":[0.9695746898651123,0.008385825902223587,0.24465203285217285,0.0,0.1183108389377594,0.8588860034942627,-0.4983144700527191,0.0,-0.21430698037147522,0.5120980739593506,0.8317620158195496,0.0,0.012661891058087349,0.021102752536535263,-0.008014511317014694,1.0],"resolution":[720,540],"sequence":26,"timestamp":1695915813.449,"tracking":2,"trackingReason":0},{"exposure":0.0,"image":"frame_00000027.jpg","intrinsics":[548.7571411132813,548.7571411132813,360.32489013671875,258.80267333984375,0.0],"location":{"altitude":110.71458435058594,"altitudeAccuracy":16.002431869506836,"heading":161.59393310546875,"headingAccuracy":17.899948120117188,"headingTimestamp":1695915808000.0,"latitude":51.44676971435547,"longitude":7.0352373123168945,"positionAccuracy":17.899948120117188,"positionSource":"corelocation","positionTimestamp":1695915808000.0},"pose":[0.016076743602752686,0.016796903684735298,-0.0091206394135952,-0.2697615325450897,-0.12543532252311707,-0.03134431317448616,0.9542076587677002],"pose4x4":[0.9665670394897461,0.00785728171467781,0.2562936544418335,0.0,0.127493217587471,0.8524925112724304,-0.5069537162780762,0.0,-0.2224716991186142,0.522680401802063,0.8229894042015076,0.0,0.016076743602752686,0.016796903684735298,-0.0091206394135952,1.0],"resolution":[720,540],"sequence":27,"timestamp":1695915813.549,"tracking":2,"trackingReason":0},{"exposure":0.0,"image":"frame_00000028.jpg","intrinsics":[548.7571411132813,548.7571411132813,360.29559326171875,258.84979248046875,0.0],"location":{"altitude":110.71458435058594,"altitudeAccuracy":16.002431869506836,"heading":161.59393310546875,"headingAccuracy":17.899948120117188,"headingTimestamp":1695915808000.0,"latitude":51.44676971435547,"longitude":7.0352373123168945,"positionAccuracy":17.899948120117188,"positionSource":"corelocation","positionTimestamp":1695915808000.0},"pose":[0.01709023118019104,0.013153055682778358,-0.010480893775820732,-0.27562302350997925,-0.1281353235244751,-0.03316933661699295,0.9521098136901855],"pose4x4":[0.9649622440338135,0.007472388446331024,0.26228225231170654,0.0,0.13379579782485962,0.8458634614944458,-0.5163464546203613,0.0,-0.2257133275270462,0.5333471298217773,0.8152265548706055,0.0,0.01709023118019104,0.013153055682778358,-0.010480893775820732,1.0],"resolution":[720,540],"sequence":28,"timestamp":1695915813.633,"tracking":2,"trackingReason":0},{"exposure":0.0,"image":"frame_00000029.jpg","intrinsics":[548.5375366210938,548.5375366210938,360.2696838378906,258.8755798339844,0.0],"location":{"altitude":110.71458435058594,"altitudeAccuracy":16.002431869506836,"heading":161.59393310546875,"headingAccuracy":17.899948120117188,"headingTimestamp":1695915808000.0,"latitude":51.44676971435547,"longitude":7.0352373123168945,"positionAccuracy":17.899948120117188,"positionSource":"corelocation","positionTimestamp":1695915808000.0},"pose":[0.017307661473751068,0.01035287231206894,-0.011634675785899162,-0.28141623735427856,-0.12928511202335358,-0.033767543733119965,0.9502367973327637],"pose4x4":[0.964290201663971,0.008591532707214355,0.26470839977264404,0.0,0.13694018125534058,0.8393293023109436,-0.5260928273200989,0.0,-0.22669747471809387,0.5435554385185242,0.8081805109977722,0.0,0.017307661473751068,0.01035287231206894,-0.011634675785899162,1.0],"resolution":[720,540],"sequence":29,"timestamp":1695915813.716,"tracking":2,"trackingReason":0},{"exposure":0.0,"image":"frame_00000030.jpg","intrinsics":[548.7571411132813,548.7571411132813,360.2230529785156,258.9569091796875,0.0],"location":{"altitude":110.71458435058594,"altitudeAccuracy":16.002431869506836,"heading":161.59393310546875,"headingAccuracy":17.899948120117188,"headingTimestamp":1695915808000.0,"latitude":51.44676971435547,"longitude":7.0352373123168945,"positionAccuracy":17.899948120117188,"positionSource":"corelocation","positionTimestamp":1695915808000.0},"pose":[0.016307614743709564,0.006903503090143204,-0.012010093778371811,-0.2880844473838806,-0.1286306083202362,-0.033817108720541,0.9483237266540527],"pose4x4":[0.9646211266517639,0.009973816573619843,0.2634512782096863,0.0,0.13825207948684692,0.8317275047302246,-0.5376948118209839,0.0,-0.22448255121707916,0.5550944805145264,0.8009230494499207,0.0,0.016307614743709564,0.006903503090143204,-0.012010093778371811,1.0],"resolution":[720,540],"sequence":30,"timestamp":1695915813.816,"tracking":2,"trackingReason":0},{"exposure":0.0,"image":"frame_00000031.jpg","intrinsics":[548.7571411132813,548.7571411132813,360.2148742675781,258.9912109375,0.0],"location":{"altitude":110.71458435058594,"altitudeAccuracy":16.002431869506836,"heading":161.59393310546875,"headingAccuracy":17.899948120117188,"headingTimestamp":1695915808000.0,"latitude":51.44676971435547,"longitude":7.0352373123168945,"positionAccuracy":17.899948120117188,"positionSource":"corelocation","positionTimestamp":1695915808000.0},"pose":[0.013475902378559113,0.0026349257677793503,-0.013226484879851341,-0.29457783699035645,-0.12633556127548218,-0.03311538323760033,0.9466607570648193],"pose4x4":[0.9658854007720947,0.011733248829841614,0.25870394706726074,0.0,0.13712938129901886,0.8242545127868652,-0.5493632555007935,0.0,-0.2196837216615677,0.5660978555679321,0.7945264577865601,0.0,0.013475902378559113,0.0026349257677793503,-0.013226484879851341,1.0],"resolution":[720,540],"sequence":31,"timestamp":1695915813.916,"tracking":2,"trackingReason":0},{"exposure":0.0,"image":"frame_00000032.jpg","intrinsics":[548.5375366210938,548.5375366210938,360.1764221191406,259.038330078125,0.0],"location":{"altitude":110.71458435058594,"altitudeAccuracy":16.002431869506836,"heading":161.59393310546875,"headingAccuracy":17.899948120117188,"headingTimestamp":1695915808000.0,"latitude":51.44676971435547,"longitude":7.0352373123168945,"positionAccuracy":17.899948120117188,"positionSource":"corelocation","positionTimestamp":1695915808000.0},"pose":[0.009361833333969116,-0.0010606274008750916,-0.013872599229216576,-0.2999265193939209,-0.12324288487434387,-0.03151857107877731,0.9454426765441895],"pose4x4":[0.9676355123519897,0.014329615980386734,0.2519446909427643,0.0,0.13352562487125397,0.8181012868881226,-0.5593578219413757,0.0,-0.2141316533088684,0.5748955607414246,0.789710521697998,0.0,0.009361833333969116,-0.0010606274008750916,-0.013872599229216576,1.0],"resolution":[720,540],"sequence":32,"timestamp":1695915814.016,"tracking":2,"trackingReason":0},{"exposure":0.0,"image":"frame_00000033.jpg","intrinsics":[548.31787109375,548.31787109375,360.2030029296875,259.0897521972656,0.0],"location":{"altitude":110.71458435058594,"altitudeAccuracy":16.002431869506836,"heading":161.59393310546875,"headingAccuracy":17.899948120117188,"headingTimestamp":1695915808000.0,"latitude":51.44676971435547,"longitude":7.0352373123168945,"positionAccuracy":17.899948120117188,"positionSource":"corelocation","positionTimestamp":1695915808000.0},"pose":[0.003826620290055871,-0.0037061448674649,-0.01391737349331379,-0.3035399913787842,-0.11923334002494812,-0.02994663454592228,0.9448545575141907],"pose4x4":[0.9697732329368591,0.01579374447464943,0.24349632859230042,0.0,0.12897460162639618,0.8139333724975586,-0.5664609670639038,0.0,-0.207136332988739,0.5807435512542725,0.7872937917709351,0.0,0.003826620290055871,-0.0037061448674649,-0.01391737349331379,1.0],"resolution":[720,540],"sequence":33,"timestamp":1695915814.116,"tracking":2,"trackingReason":0},{"exposure":0.0,"image":"frame_00000034.jpg","intrinsics":[548.5375366210938,548.5375366210938,360.20831298828125,259.14544677734375,0.0],"location":{"altitude":110.71458435058594,"altitudeAccuracy":16.002431869506836,"heading":161.59393310546875,"headingAccuracy":17.899948120117188,"headingTimestamp":1695915808000.0,"latitude":51.44676971435547,"longitude":7.0352373123168945,"positionAccuracy":17.899948120117188,"positionSource":"corelocation","positionTimestamp":1695915808000.0},"pose":[-0.002574328798800707,-0.004300903994590044,-0.01302094105631113,-0.3046765625476837,-0.11416571587324142,-0.029201187193393707,0.9451379179954529],"pose4x4":[0.9722269773483276,0.014368936419487,0.233598530292511,0.0,0.12476553022861481,0.8126389980316162,-0.5692551732063293,0.0,-0.1980108618736267,0.5825902819633484,0.7882767915725708,0.0,-0.002574328798800707,-0.004300903994590044,-0.01302094105631113,1.0],"resolution":[720,540],"sequence":34,"timestamp":1695915814.216,"tracking":2,"trackingReason":0},{"exposure":0.0,"image":"frame_00000035.jpg","intrinsics":[548.7571411132813,548.7571411132813,360.23907470703125,259.209228515625,0.0],"location":{"altitude":110.71458435058594,"altitudeAccuracy":16.002431869506836,"heading":161.59393310546875,"headingAccuracy":17.899948120117188,"headingTimestamp":1695915808000.0,"latitude":51.44676971435547,"longitude":7.0352373123168945,"positionAccuracy":17.899948120117188,"positionSource":"corelocation","positionTimestamp":1695915808000.0},"pose":[-0.008446929976344109,-0.004073039162904024,-0.011838019825518131,-0.30367347598075867,-0.10920322686433792,-0.028626572340726852,0.946064293384552],"pose4x4":[0.9745103716850281,0.012159094214439392,0.2240128070116043,0.0,0.12048940360546112,0.8139258623123169,-0.5683370232582092,0.0,-0.18924029171466827,0.5808414816856384,0.7917141318321228,0.0,-0.008446929976344109,-0.004073039162904024,-0.011838019825518131,1.0],"resolution":[720,540],"sequence":35,"timestamp":1695915814.299,"tracking":2,"trackingReason":0},{"exposure":0.0,"image":"frame_00000036.jpg","intrinsics":[548.5375366210938,548.5375366210938,360.27386474609375,259.20941162109375,0.0],"location":{"altitude":110.71458435058594,"altitudeAccuracy":16.002431869506836,"heading":161.59393310546875,"headingAccuracy":17.899948120117188,"headingTimestamp":1695915808000.0,"latitude":51.44676971435547,"longitude":7.0352373123168945,"positionAccuracy":17.899948120117188,"positionSource":"corelocation","positionTimestamp":1695915808000.0},"pose":[-0.014404021203517914,-0.0037363655865192413,-0.010919760912656784,-0.3031213879585266,-0.10395584255456924,-0.027092352509498596,0.9468773007392883],"pose4x4":[0.9769183993339539,0.011716213077306747,0.21329139173030853,0.0,0.11432874202728271,0.8147668838500977,-0.5684047341346741,0.0,-0.18044231832027435,0.5796703696250916,0.7946212291717529,0.0,-0.014404021203517914,-0.0037363655865192413,-0.010919760912656784,1.0],"resolution":[720,540],"sequence":36,"timestamp":1695915814.382,"tracking":2,"trackingReason":0},{"exposure":0.0,"image":"frame_00000037.jpg","intrinsics":[548.7571411132813,548.7571411132813,360.3172302246094,259.2177734375,0.0],"location":{"altitude":110.71458435058594,"altitudeAccuracy":16.002431869506836,"heading":161.59393310546875,"headingAccuracy":17.899948120117188,"headingTimestamp":1695915808000.0,"latitude":51.44676971435547,"longitude":7.0352373123168945,"positionAccuracy":17.899948120117188,"positionSource":"corelocation","positionTimestamp":1695915808000.0},"pose":[-0.02009531855583191,-0.0031354520469903946,-0.009803203865885735,-0.30162471532821655,-0.0982740968465805,-0.025055380538105965,0.9480173587799072],"pose4x4":[0.9794288873672485,0.011777922511100769,0.20144574344158173,0.0,0.10678966343402863,0.8167895078659058,-0.5669663548469543,0.0,-0.1712164431810379,0.5768155455589294,0.7987294793128967,0.0,-0.02009531855583191,-0.0031354520469903946,-0.009803203865885735,1.0],"resolution":[720,540],"sequence":37,"timestamp":1695915814.466,"tracking":2,"trackingReason":0},{"exposure":0.0,"image":"frame_00000038.jpg","intrinsics":[548.976806640625,548.976806640625,360.3389892578125,259.22491455078125,0.0],"location":{"altitude":110.71458435058594,"altitudeAccuracy":16.002431869506836,"heading":161.59393310546875,"headingAccuracy":17.899948120117188,"headingTimestamp":1695915808000.0,"latitude":51.44676971435547,"longitude":7.0352373123168945,"positionAccuracy":17.899948120117188,"positionSource":"corelocation","positionTimestamp":1695915808000.0},"pose":[-0.02653946727514267,-0.0015263725072145462,-0.00909731537103653,-0.2983943521976471,-0.09337945282459259,-0.023122793063521385,0.9495822787284851],"pose4x4":[0.981491208076477,0.011813811957836151,0.19114238023757935,0.0,0.09964179247617722,0.8208522796630859,-0.5623815655708313,0.0,-0.16354352235794067,0.571018397808075,0.8044821619987488,0.0,-0.02653946727514267,-0.0015263725072145462,-0.00909731537103653,1.0],"resolution":[720,540],"sequence":38,"timestamp":1695915814.566,"tracking":2,"trackingReason":0},{"exposure":0.0,"image":"frame_00000039.jpg","intrinsics":[548.976806640625,548.976806640625,360.360595703125,259.2177734375,0.0],"location":{"altitude":110.71458435058594,"altitudeAccuracy":16.002431869506836,"heading":161.59393310546875,"headingAccuracy":17.899948120117188,"headingTimestamp":1695915808000.0,"latitude":51.44676971435547,"longitude":7.0352373123168945,"positionAccuracy":17.899948120117188,"positionSource":"corelocation","positionTimestamp":1695915808000.0},"pose":[-0.03132132068276405,9.81757475528866e-0